0.05
0.1
0.15
0.19999999999999998
0.24999999999999997
0.3
0.35000000000000003
0.4000000000000001
0.4500000000000001
0.5000000000000001
0.5500000000000002
0.6000000000000002
0.6500000000000002
0.7000000000000003
0.7500000000000003
0.8000000000000004
0.8500000000000004
0.9000000000000005
0.9500000000000005
1.0000000000000004
1.0500000000000003
1.1
1.15
1.1999999999999997
1.2499999999999996
1.2999999999999994
1.3499999999999992
1.399999999999999
1.4499999999999988
1.4999999999999987
1.5499999999999985
1.5999999999999983
1.6499999999999981
1.699999999999998
1.7499999999999978
1.7999999999999976
1.8499999999999974
1.8999999999999972
1.949999999999997
1.999999999999997
2.0499999999999967
2.0999999999999965
2.1499999999999964
2.199999999999996
2.249999999999996
2.299999999999996
2.3499999999999956
2.3999999999999955
2.4499999999999953
2.499999999999995
2.549999999999995
2.5999999999999948
2.6499999999999946
2.6999999999999944
2.7499999999999942
2.799999999999994
2.849999999999994
2.8999999999999937
2.9499999999999935
2.9999999999999933
3.049999999999993
3.099999999999993
3.149999999999993
3.1999999999999926
3.2499999999999925
3.2999999999999923
3.349999999999992
3.399999999999992
3.4499999999999917
3.4999999999999916
3.5499999999999914
3.599999999999991
3.649999999999991
3.699999999999991
3.7499999999999907
3.7999999999999905
3.8499999999999903
3.89999999999999
3.94999999999999
3.99999999999999
4.04999999999999
4.099999999999991
4.1499999999999915
4.199999999999992
4.249999999999993
4.299999999999994
4.349999999999994
4.399999999999995
4.449999999999996
4.4999999999999964
4.549999999999997
4.599999999999998
4.649999999999999
4.699999999999999
4.75
4.800000000000001
4.850000000000001
4.900000000000002
4.950000000000003
5.0000000000000036
5.050000000000004
5.100000000000005
5.150000000000006
5.200000000000006
5.250000000000007
5.300000000000008
5.3500000000000085
5.400000000000009
5.45000000000001
5.500000000000011
5.550000000000011
5.600000000000012
5.650000000000013
5.7000000000000135
5.750000000000014
5.800000000000015
5.850000000000016
5.900000000000016
5.950000000000017
6.000000000000018
6.0500000000000185
6.100000000000019
6.15000000000002
6.200000000000021
6.250000000000021
6.300000000000022
6.350000000000023
6.4000000000000234
6.450000000000024
6.500000000000025
6.550000000000026
6.600000000000026
6.650000000000027
6.700000000000028
6.750000000000028
6.800000000000029
6.85000000000003
6.9000000000000306
6.950000000000031
7.000000000000032
7.050000000000033
7.100000000000033
7.150000000000034
7.200000000000035
7.2500000000000355
7.300000000000036
7.350000000000037
7.400000000000038
7.450000000000038
7.500000000000039
7.55000000000004
7.6000000000000405
7.650000000000041
7.700000000000042
7.750000000000043
7.800000000000043
7.850000000000044
7.900000000000045
7.9500000000000455
8.000000000000046
8.050000000000047
8.100000000000048
8.150000000000048
8.200000000000049
8.25000000000005
8.30000000000005
8.350000000000051
8.400000000000052
8.450000000000053
8.500000000000053
8.550000000000054
8.600000000000055
8.650000000000055
8.700000000000056
8.750000000000057
8.800000000000058
8.850000000000058
8.900000000000059
8.95000000000006
9.00000000000006
9.050000000000061
9.100000000000062
9.150000000000063
9.200000000000063
9.250000000000064
9.300000000000065
9.350000000000065
9.400000000000066
9.450000000000067
9.500000000000068
9.550000000000068
9.600000000000069
9.65000000000007
9.70000000000007
9.750000000000071
9.800000000000072
9.850000000000072
9.900000000000073
9.950000000000074
10.000000000000075
10.050000000000075
10.100000000000076
10.150000000000077
10.200000000000077
10.250000000000078
10.300000000000079
10.35000000000008
10.40000000000008
10.450000000000081
10.500000000000082
10.550000000000082
10.600000000000083
10.650000000000084
10.700000000000085
10.750000000000085
10.800000000000086
10.850000000000087
10.900000000000087
10.950000000000088
11.000000000000089
11.05000000000009
11.10000000000009
11.150000000000091
11.200000000000092
11.250000000000092
11.300000000000093
11.350000000000094
11.400000000000095
11.450000000000095
11.500000000000096
11.550000000000097
11.600000000000097
11.650000000000098
11.700000000000099
11.7500000000001
11.8000000000001
11.850000000000101
11.900000000000102
11.950000000000102
12.000000000000103
12.050000000000104
12.100000000000104
12.150000000000105
12.200000000000106
12.250000000000107
12.300000000000107
12.350000000000108
12.400000000000109
12.45000000000011
12.50000000000011
12.55000000000011
12.600000000000112
12.650000000000112
12.700000000000113
12.750000000000114
12.800000000000114
12.850000000000115
12.900000000000116
12.950000000000117
13.000000000000117
13.050000000000118
13.100000000000119
13.15000000000012
13.20000000000012
13.25000000000012
13.300000000000122
13.350000000000122
13.400000000000123
13.450000000000124
13.500000000000124
13.550000000000125
13.600000000000126
13.650000000000126
13.700000000000127
13.750000000000128
13.800000000000129
13.85000000000013
13.90000000000013
13.95000000000013
14.000000000000131
14.050000000000132
14.100000000000133
14.150000000000134
14.200000000000134
14.250000000000135
14.300000000000136
14.350000000000136
14.400000000000137
14.450000000000138
14.500000000000139
14.55000000000014
14.60000000000014
14.65000000000014
14.700000000000141
14.750000000000142
14.800000000000143
14.850000000000144
14.900000000000144
14.950000000000145
15.000000000000146
15.050000000000146
15.100000000000147
15.150000000000148
15.200000000000149
15.25000000000015
15.30000000000015
15.35000000000015
15.400000000000151
15.450000000000152
15.500000000000153
15.550000000000153
15.600000000000154
15.650000000000155
15.700000000000156
15.750000000000156
15.800000000000157
15.850000000000158
15.900000000000158
15.95000000000016
16.00000000000016
16.050000000000157
16.100000000000154
16.15000000000015
16.20000000000015
16.250000000000146
16.300000000000143
16.35000000000014
16.400000000000137
16.450000000000134
16.50000000000013
16.55000000000013
16.600000000000126
16.650000000000123
16.70000000000012
16.750000000000117
16.800000000000114
16.85000000000011
16.90000000000011
16.950000000000106
17.000000000000103
17.0500000000001
17.100000000000097
17.150000000000095
17.20000000000009
17.25000000000009
17.300000000000086
17.350000000000083
17.40000000000008
17.450000000000077
17.500000000000075
17.55000000000007
17.60000000000007
17.650000000000066
17.700000000000063
17.75000000000006
17.800000000000058
17.850000000000055
17.900000000000052
17.95000000000005
18.000000000000046
18.050000000000043
18.10000000000004
18.150000000000038
18.200000000000035
18.250000000000032
18.30000000000003
18.350000000000026
18.400000000000023
18.45000000000002
18.500000000000018
18.550000000000015
18.600000000000012
18.65000000000001
18.700000000000006
18.750000000000004
18.8
18.849999999999998
18.899999999999995
18.949999999999992
18.99999999999999
19.049999999999986
19.099999999999984
19.14999999999998
19.199999999999978
19.249999999999975
19.299999999999972
19.34999999999997
19.399999999999967
19.449999999999964
19.49999999999996
19.549999999999958
19.599999999999955
19.649999999999952
19.69999999999995
19.749999999999947
19.799999999999944
19.84999999999994
19.899999999999938
19.949999999999935
19.999999999999932
20.04999999999993
20.099999999999927
20.149999999999924
20.19999999999992
20.24999999999992
20.299999999999915
20.349999999999913
20.39999999999991
20.449999999999907
20.499999999999904
20.5499999999999
20.5999999999999
20.649999999999896
20.699999999999893
20.74999999999989
20.799999999999887
20.849999999999884
20.89999999999988
20.94999999999988
20.999999999999876
21.049999999999873
21.09999999999987
21.149999999999867
21.199999999999864
21.24999999999986
21.29999999999986
21.349999999999856
21.399999999999853
21.44999999999985
21.499999999999847
21.549999999999844
21.59999999999984
21.64999999999984
21.699999999999836
21.749999999999833
21.79999999999983
21.849999999999827
21.899999999999824
21.94999999999982
21.99999999999982
22.049999999999816
22.099999999999813
22.14999999999981
22.199999999999807
22.249999999999805
22.2999999999998
22.3499999999998
22.399999999999796
22.449999999999793
22.49999999999979
22.549999999999788
22.599999999999785
22.649999999999782
22.69999999999978
22.749999999999776
22.799999999999773
22.84999999999977
22.899999999999768
22.949999999999765
22.999999999999762
23.04999999999976
23.099999999999756
23.149999999999753
23.19999999999975
23.249999999999748
23.299999999999745
23.349999999999742
23.39999999999974
23.449999999999736
23.499999999999734
23.54999999999973
23.599999999999728
23.649999999999725
23.699999999999722
23.74999999999972
23.799999999999716
23.849999999999714
23.89999999999971
23.949999999999708
23.999999999999705
24.049999999999702
24.0999999999997
24.149999999999697
24.199999999999694
24.24999999999969
24.299999999999688
24.349999999999685
24.399999999999682
24.44999999999968
24.499999999999677
24.549999999999674
24.59999999999967
24.649999999999668
24.699999999999665
24.749999999999662
24.79999999999966
24.849999999999657
24.899999999999654
24.94999999999965
24.99999999999965
25.049999999999645
25.099999999999643
25.14999999999964
25.199999999999637
25.249999999999634
25.29999999999963
25.34999999999963
25.399999999999626
25.449999999999623
25.49999999999962
25.549999999999617
25.599999999999614
25.64999999999961
25.69999999999961
25.749999999999606
25.799999999999603
25.8499999999996
25.899999999999597
25.949999999999594
25.99999999999959
26.04999999999959
26.099999999999586
26.149999999999583
26.19999999999958
26.249999999999577
26.299999999999574
26.34999999999957
26.39999999999957
26.449999999999566
26.499999999999563
26.54999999999956
26.599999999999557
26.649999999999554
26.69999999999955
26.74999999999955
26.799999999999546
26.849999999999543
26.89999999999954
26.949999999999537
26.999999999999535
27.04999999999953
27.09999999999953
27.149999999999526
27.199999999999523
27.24999999999952
27.299999999999518
27.349999999999515
27.399999999999512
27.44999999999951
27.499999999999506
27.549999999999503
27.5999999999995
27.649999999999498
27.699999999999495
27.749999999999492
27.79999999999949
27.849999999999486
27.899999999999483
27.94999999999948
27.999999999999478
28.049999999999475
28.099999999999472
28.14999999999947
28.199999999999466
28.249999999999464
28.29999999999946
28.349999999999458
28.399999999999455
28.449999999999452
28.49999999999945
28.549999999999446
28.599999999999444
28.64999999999944
28.699999999999438
28.749999999999435
28.799999999999432
28.84999999999943
28.899999999999427
28.949999999999424
28.99999999999942
29.049999999999418
29.099999999999415
29.149999999999412
29.19999999999941
29.249999999999407
29.299999999999404
29.3499999999994
29.399999999999398
29.449999999999395
29.499999999999392
29.54999999999939
29.599999999999387
29.649999999999384
29.69999999999938
29.74999999999938
29.799999999999375
29.849999999999373
29.89999999999937
29.949999999999367
29.999999999999364
30.04999999999936
30.09999999999936
30.149999999999356
30.199999999999353
30.24999999999935
30.299999999999347
30.349999999999344
30.39999999999934
30.44999999999934
30.499999999999336
30.549999999999333
30.59999999999933
30.649999999999327
30.699999999999324
30.74999999999932
30.79999999999932
30.849999999999316
30.899999999999313
30.94999999999931
30.999999999999307
31.049999999999304
31.0999999999993
31.1499999999993
31.199999999999296
31.249999999999293
31.29999999999929
31.349999999999287
31.399999999999284
31.44999999999928
31.49999999999928
31.549999999999276
31.599999999999273
31.64999999999927
31.699999999999267
31.749999999999265
31.79999999999926
31.84999999999926
31.899999999999256
31.949999999999253
31.99999999999925
32.04999999999925
32.09999999999925
32.149999999999245
32.19999999999924
32.24999999999924
32.29999999999924
32.349999999999234
32.39999999999923
32.44999999999923
32.499999999999226
32.54999999999922
32.59999999999922
32.64999999999922
32.699999999999214
32.74999999999921
32.79999999999921
32.849999999999206
32.8999999999992
32.9499999999992
32.9999999999992
33.049999999999194
33.09999999999919
33.14999999999919
33.199999999999186
33.24999999999918
33.29999999999918
33.34999999999918
33.399999999999174
33.44999999999917
33.49999999999917
33.549999999999166
33.59999999999916
33.64999999999916
33.69999999999916
33.749999999999154
33.79999999999915
33.84999999999915
33.899999999999146
33.94999999999914
33.99999999999914
34.04999999999914
34.099999999999135
34.14999999999913
34.19999999999913
34.249999999999126
34.29999999999912
34.34999999999912
34.39999999999912
34.449999999999115
34.49999999999911
34.54999999999911
34.599999999999106
34.6499999999991
34.6999999999991
34.7499999999991
34.799999999999095
34.84999999999909
34.89999999999909
34.949999999999086
34.99999999999908
35.04999999999908
35.09999999999908
35.149999999999075
35.19999999999907
35.24999999999907
35.299999999999066
35.34999999999906
35.39999999999906
35.44999999999906
35.499999999999055
35.54999999999905
35.59999999999905
35.64999999999905
35.699999999999044
35.74999999999904
35.79999999999904
35.849999999999035
35.89999999999903
35.94999999999903
35.99999999999903
36.049999999999024
36.09999999999902
36.14999999999902
36.199999999999015
36.24999999999901
36.29999999999901
36.34999999999901
36.399999999999004
36.449999999999
36.499999999999
36.549999999998995
36.59999999999899
36.64999999999899
36.69999999999899
36.749999999998984
36.79999999999898
36.84999999999898
36.899999999998975
36.94999999999897
36.99999999999897
37.04999999999897
37.099999999998964
37.14999999999896
37.19999999999896
37.249999999998956
37.29999999999895
37.34999999999895
37.39999999999895
37.449999999998944
37.49999999999894
37.54999999999894
37.599999999998936
37.64999999999893
37.69999999999893
37.74999999999893
37.799999999998924
37.84999999999892
37.89999999999892
37.949999999998916
37.99999999999891
38.04999999999891
38.09999999999891
38.149999999998904
38.1999999999989
38.2499999999989
38.299999999998896
38.34999999999889
38.39999999999889
38.44999999999889
38.499999999998884
38.54999999999888
38.59999999999888
38.649999999998876
38.69999999999887
38.74999999999887
38.79999999999887
38.849999999998865
38.89999999999886
38.94999999999886
38.999999999998856
39.04999999999885
39.09999999999885
39.14999999999885
39.199999999998845
39.24999999999884
39.29999999999884
39.349999999998836
39.39999999999883
39.44999999999883
39.49999999999883
39.549999999998825
39.59999999999882
39.64999999999882
39.699999999998816
39.74999999999881
39.79999999999881
39.84999999999881
39.899999999998805
39.9499999999988
39.9999999999988
40.049999999998796
40.09999999999879
40.14999999999879
40.19999999999879
40.249999999998785
40.29999999999878
40.34999999999878
40.399999999998776
40.449999999998774
40.49999999999877
40.54999999999877
40.599999999998765
40.64999999999876
40.69999999999876
40.74999999999876
40.799999999998754
40.84999999999875
40.89999999999875
40.949999999998745
40.99999999999874
41.04999999999874
41.09999999999874
41.149999999998734
41.19999999999873
41.24999999999873
41.299999999998725
41.34999999999872
41.39999999999872
41.44999999999872
41.499999999998714
41.54999999999871
41.59999999999871
41.649999999998705
41.6999999999987
41.7499999999987
41.7999999999987
41.849999999998694
41.89999999999869
41.94999999999869
41.999999999998685
42.04999999999868
42.09999999999868
42.14999999999868
42.199999999998674
42.24999999999867
42.29999999999867
42.349999999998666
42.39999999999866
42.44999999999866
42.49999999999866
42.549999999998654
42.59999999999865
42.64999999999865
42.699999999998646
42.74999999999864
42.79999999999864
42.84999999999864
42.899999999998634
42.94999999999863
42.99999999999863
43.049999999998626
43.09999999999862
43.14999999999862
43.19999999999862
43.249999999998614
43.29999999999861
43.34999999999861
43.399999999998606
43.4499999999986
43.4999999999986
43.5499999999986
43.599999999998595
43.64999999999859
43.69999999999859
43.749999999998586
43.79999999999858
43.84999999999858
43.89999999999858
43.949999999998575
43.99999999999857
44.04999999999857
44.099999999998566
44.14999999999856
44.19999999999856
44.24999999999856
44.299999999998555
44.34999999999855
44.39999999999855
44.449999999998546
44.49999999999854
44.54999999999854
44.59999999999854
44.649999999998535
44.69999999999853
44.74999999999853
44.799999999998526
44.84999999999852
44.89999999999852
44.94999999999852
44.999999999998515
45.04999999999851
45.09999999999851
45.149999999998506
45.199999999998504
45.2499999999985
45.2999999999985
45.349999999998495
45.39999999999849
45.44999999999849
45.49999999999849
45.549999999998484
45.59999999999848
45.64999999999848
45.699999999998475
45.74999999999847
45.79999999999847
45.84999999999847
45.899999999998464
45.94999999999846
45.99999999999846
46.049999999998455
46.09999999999845
46.14999999999845
46.19999999999845
46.249999999998444
46.29999999999844
46.34999999999844
46.399999999998435
46.44999999999843
46.49999999999843
46.54999999999843
46.599999999998424
46.64999999999842
46.69999999999842
46.749999999998415
46.79999999999841
46.84999999999841
46.89999999999841
46.949999999998404
46.9999999999984
47.0499999999984
47.099999999998396
47.14999999999839
47.19999999999839
47.24999999999839
47.299999999998384
47.34999999999838
47.39999999999838
47.449999999998376
47.49999999999837
47.54999999999837
47.59999999999837
47.649999999998364
47.69999999999836
47.74999999999836
47.799999999998356
47.84999999999835
47.89999999999835
47.94999999999835
47.999999999998344
48.04999999999834
48.09999999999834
48.149999999998336
48.19999999999833
48.24999999999833
48.29999999999833
48.349999999998325
48.39999999999832
48.44999999999832
48.499999999998316
48.54999999999831
48.59999999999831
48.64999999999831
48.699999999998305
48.7499999999983
48.7999999999983
48.849999999998296
48.89999999999829
48.94999999999829
48.99999999999829
49.049999999998285
49.09999999999828
49.14999999999828
49.199999999998276
49.24999999999827
49.29999999999827
49.34999999999827
49.399999999998265
49.44999999999826
49.49999999999826
49.549999999998256
49.59999999999825
49.64999999999825
49.69999999999825
49.749999999998245
49.79999999999824
49.84999999999824
49.899999999998236
49.949999999998234
49.99999999999823
50.04999999999823
50.099999999998225
50.14999999999822
50.19999999999822
50.24999999999822
50.299999999998214
50.34999999999821
50.39999999999821
50.449999999998205
50.4999999999982
50.5499999999982
50.5999999999982
50.649999999998194
50.69999999999819
50.74999999999819
50.799999999998185
50.84999999999818
50.89999999999818
50.94999999999818
50.999999999998174
51.04999999999817
51.09999999999817
51.149999999998165
51.19999999999816
51.24999999999816
51.29999999999816
51.349999999998154
51.39999999999815
51.44999999999815
51.499999999998145
51.54999999999814
51.59999999999814
51.64999999999814
51.699999999998134
51.74999999999813
51.79999999999813
51.849999999998126
51.89999999999812
51.94999999999812
51.99999999999812
52.049999999998114
52.09999999999811
52.14999999999811
52.199999999998106
52.2499999999981
52.2999999999981
52.3499999999981
52.399999999998094
52.44999999999809
52.49999999999809
52.549999999998086
52.59999999999808
52.64999999999808
52.69999999999808
52.749999999998074
52.79999999999807
52.84999999999807
52.899999999998066
52.94999999999806
52.99999999999806
53.04999999999806
53.099999999998055
53.14999999999805
53.19999999999805
53.249999999998046
53.29999999999804
53.34999999999804
53.39999999999804
53.449999999998035
53.49999999999803
53.54999999999803
53.599999999998026
53.64999999999802
53.69999999999802
53.74999999999802
53.799999999998015
53.84999999999801
53.89999999999801
53.949999999998006
53.999999999998
54.049999999998
54.099999999998
54.149999999997995
54.19999999999799
54.24999999999799
54.299999999997986
54.34999999999798
54.39999999999798
54.44999999999798
54.499999999997975
54.54999999999797
54.59999999999797
54.649999999997966
54.699999999997964
54.74999999999796
54.79999999999796
54.849999999997955
54.89999999999795
54.94999999999795
54.99999999999795
55.049999999997944
55.09999999999794
55.14999999999794
55.199999999997935
55.24999999999793
55.29999999999793
55.34999999999793
55.399999999997924
55.44999999999792
55.49999999999792
55.549999999997915
55.59999999999791
55.64999999999791
55.69999999999791
55.749999999997904
55.7999999999979
55.8499999999979
55.899999999997895
55.94999999999789
55.99999999999789
56.04999999999789
56.099999999997884
56.14999999999788
56.19999999999788
56.249999999997875
56.29999999999787
56.34999999999787
56.39999999999787
56.449999999997864
56.49999999999786
56.54999999999786
56.599999999997856
56.64999999999785
56.69999999999785
56.74999999999785
56.799999999997844
56.84999999999784
56.89999999999784
56.949999999997836
56.99999999999783
57.04999999999783
57.09999999999783
57.149999999997824
57.19999999999782
57.24999999999782
57.299999999997816
57.34999999999781
57.39999999999781
57.44999999999781
57.499999999997804
57.5499999999978
57.5999999999978
57.649999999997796
57.69999999999779
57.74999999999779
57.79999999999779
57.849999999997785
57.89999999999778
57.94999999999778
57.999999999997776
58.04999999999777
58.09999999999777
58.14999999999777
58.199999999997765
58.24999999999776
58.29999999999776
58.349999999997756
58.39999999999775
58.44999999999775
58.49999999999775
58.549999999997745
58.59999999999774
58.64999999999774
58.699999999997736
58.74999999999773
58.79999999999773
58.84999999999773
58.899999999997725
58.94999999999772
58.99999999999772
59.049999999997716
59.09999999999771
59.14999999999771
59.19999999999771
59.249999999997705
59.2999999999977
59.3499999999977
59.399999999997696
59.449999999997694
59.49999999999769
59.54999999999769
59.599999999997685
59.64999999999768
59.69999999999768
59.74999999999768
59.799999999997674
59.84999999999767
59.89999999999767
59.949999999997665
59.99999999999766
60.04999999999766
60.09999999999766
60.149999999997654
60.19999999999765
60.24999999999765
60.299999999997645
60.34999999999764
60.39999999999764
60.44999999999764
60.499999999997634
60.54999999999763
60.59999999999763
60.649999999997625
60.69999999999762
60.74999999999762
60.79999999999762
60.849999999997614
60.89999999999761
60.94999999999761
60.999999999997605
61.0499999999976
61.0999999999976
61.1499999999976
61.199999999997594
61.24999999999759
61.29999999999759
61.349999999997586
61.39999999999758
61.44999999999758
61.49999999999758
61.549999999997574
61.59999999999757
61.64999999999757
61.699999999997566
61.74999999999756
61.79999999999756
61.84999999999756
61.899999999997554
61.94999999999755
61.99999999999755
62.049999999997546
62.09999999999754
62.14999999999754
62.19999999999754
62.249999999997534
62.29999999999753
62.34999999999753
62.399999999997526
62.44999999999752
62.49999999999752
62.54999999999752
62.599999999997515
62.64999999999751
62.69999999999751
62.749999999997506
62.7999999999975
62.8499999999975
62.8999999999975
62.949999999997495
62.99999999999749
63.04999999999749
63.099999999997486
63.14999999999748
63.19999999999748
63.24999999999748
63.299999999997475
63.34999999999747
63.39999999999747
63.449999999997466
63.49999999999746
63.54999999999746
63.59999999999746
63.649999999997455
63.69999999999745
63.74999999999745
63.799999999997446
63.84999999999744
63.89999999999744
63.94999999999744
63.999999999997435
64.04999999999744
64.09999999999745
64.14999999999746
64.19999999999747
64.24999999999748
64.2999999999975
64.34999999999751
64.39999999999752
64.44999999999753
64.49999999999754
64.54999999999755
64.59999999999756
64.64999999999758
64.69999999999759
64.7499999999976
64.79999999999761
64.84999999999762
64.89999999999763
64.94999999999764
64.99999999999766
65.04999999999767
65.09999999999768
65.14999999999769
65.1999999999977
65.24999999999771
65.29999999999772
65.34999999999773
65.39999999999775
65.44999999999776
65.49999999999777
65.54999999999778
65.59999999999779
65.6499999999978
65.69999999999781
65.74999999999783
65.79999999999784
65.84999999999785
65.89999999999786
65.94999999999787
65.99999999999788
66.0499999999979
66.0999999999979
66.14999999999792
66.19999999999793
66.24999999999794
66.29999999999795
66.34999999999796
66.39999999999797
66.44999999999798
66.499999999998
66.54999999999801
66.59999999999802
66.64999999999803
66.69999999999804
66.74999999999805
66.79999999999806
66.84999999999808
66.89999999999809
66.9499999999981
66.99999999999811
67.04999999999812
67.09999999999813
67.14999999999814
67.19999999999816
67.24999999999817
67.29999999999818
67.34999999999819
67.3999999999982
67.44999999999821
67.49999999999822
67.54999999999824
67.59999999999825
67.64999999999826
67.69999999999827
67.74999999999828
67.79999999999829
67.8499999999983
67.89999999999831
67.94999999999833
67.99999999999834
68.04999999999835
68.09999999999836
68.14999999999837
68.19999999999838
68.2499999999984
68.2999999999984
68.34999999999842
68.39999999999843
68.44999999999844
68.49999999999845
68.54999999999846
68.59999999999847
68.64999999999849
68.6999999999985
68.74999999999851
68.79999999999852
68.84999999999853
68.89999999999854
68.94999999999855
68.99999999999856
69.04999999999858
69.09999999999859
69.1499999999986
69.19999999999861
69.24999999999862
69.29999999999863
69.34999999999864
69.39999999999866
69.44999999999867
69.49999999999868
69.54999999999869
69.5999999999987
69.64999999999871
69.69999999999872
69.74999999999874
69.79999999999875
69.84999999999876
69.89999999999877
69.94999999999878
69.99999999999879
70.0499999999988
70.09999999999881
70.14999999999883
70.19999999999884
70.24999999999885
70.29999999999886
70.34999999999887
70.39999999999888
70.4499999999989
70.4999999999989
70.54999999999892
70.59999999999893
70.64999999999894
70.69999999999895
70.74999999999896
70.79999999999897
70.84999999999899
70.899999999999
70.94999999999901
70.99999999999902
71.04999999999903
71.09999999999904
71.14999999999905
71.19999999999906
71.24999999999908
71.29999999999909
71.3499999999991
71.39999999999911
71.44999999999912
71.49999999999913
71.54999999999914
71.59999999999916
71.64999999999917
71.69999999999918
71.74999999999919
71.7999999999992
71.84999999999921
71.89999999999922
71.94999999999924
71.99999999999925
72.04999999999926
72.09999999999927
72.14999999999928
72.19999999999929
72.2499999999993
72.29999999999932
72.34999999999933
72.39999999999934
72.44999999999935
72.49999999999936
72.54999999999937
72.59999999999938
72.6499999999994
72.6999999999994
72.74999999999942
72.79999999999943
72.84999999999944
72.89999999999945
72.94999999999946
72.99999999999947
73.04999999999949
73.0999999999995
73.14999999999951
73.19999999999952
73.24999999999953
73.29999999999954
73.34999999999955
73.39999999999957
73.44999999999958
73.49999999999959
73.5499999999996
73.59999999999961
73.64999999999962
73.69999999999963
73.74999999999964
73.79999999999966
73.84999999999967
73.89999999999968
73.94999999999969
73.9999999999997
74.04999999999971
74.09999999999972
74.14999999999974
74.19999999999975
74.24999999999976
74.29999999999977
74.34999999999978
74.39999999999979
74.4499999999998
74.49999999999982
74.54999999999983
74.59999999999984
74.64999999999985
74.69999999999986
74.74999999999987
74.79999999999988
74.8499999999999
74.8999999999999
74.94999999999992
74.99999999999993
75.04999999999994
75.09999999999995
75.14999999999996
75.19999999999997
75.24999999999999
75.3
75.35000000000001
75.40000000000002
75.45000000000003
75.50000000000004
75.55000000000005
75.60000000000007
75.65000000000008
75.70000000000009
75.7500000000001
75.80000000000011
75.85000000000012
75.90000000000013
75.95000000000014
76.00000000000016
76.05000000000017
76.10000000000018
76.15000000000019
76.2000000000002
76.25000000000021
76.30000000000022
76.35000000000024
76.40000000000025
76.45000000000026
76.50000000000027
76.55000000000028
76.60000000000029
76.6500000000003
76.70000000000032
76.75000000000033
76.80000000000034
76.85000000000035
76.90000000000036
76.95000000000037
77.00000000000038
77.0500000000004
77.1000000000004
77.15000000000042
77.20000000000043
77.25000000000044
77.30000000000045
77.35000000000046
77.40000000000047
77.45000000000049
77.5000000000005
77.55000000000051
77.60000000000052
77.65000000000053
77.70000000000054
77.75000000000055
77.80000000000057
77.85000000000058
77.90000000000059
77.9500000000006
78.00000000000061
78.05000000000062
78.10000000000063
78.15000000000065
78.20000000000066
78.25000000000067
78.30000000000068
78.35000000000069
78.4000000000007
78.45000000000071
78.50000000000072
78.55000000000074
78.60000000000075
78.65000000000076
78.70000000000077
78.75000000000078
78.8000000000008
78.8500000000008
78.90000000000082
78.95000000000083
79.00000000000084
79.05000000000085
79.10000000000086
79.15000000000087
79.20000000000088
79.2500000000009
79.3000000000009
79.35000000000092
79.40000000000093
79.45000000000094
79.50000000000095
79.55000000000096
79.60000000000097
79.65000000000099
79.700000000001
79.75000000000101
79.80000000000102
79.85000000000103
79.90000000000104
79.95000000000105
80.00000000000107
80.05000000000108
80.10000000000109
80.1500000000011
80.20000000000111
80.25000000000112
80.30000000000113
80.35000000000115
80.40000000000116
80.45000000000117
80.50000000000118
80.55000000000119
80.6000000000012
80.65000000000121
80.70000000000122
80.75000000000124
80.80000000000125
80.85000000000126
80.90000000000127
80.95000000000128
81.0000000000013
81.0500000000013
81.10000000000132
81.15000000000133
81.20000000000134
81.25000000000135
81.30000000000136
81.35000000000137
81.40000000000138
81.4500000000014
81.5000000000014
81.55000000000142
81.60000000000143
81.65000000000144
81.70000000000145
81.75000000000146
81.80000000000148
81.85000000000149
81.9000000000015
81.95000000000151
82.00000000000152
82.05000000000153
82.10000000000154
82.15000000000155
82.20000000000157
82.25000000000158
82.30000000000159
82.3500000000016
82.40000000000161
82.45000000000162
82.50000000000163
82.55000000000165
82.60000000000166
82.65000000000167
82.70000000000168
82.75000000000169
82.8000000000017
82.85000000000171
82.90000000000173
82.95000000000174
83.00000000000175
83.05000000000176
83.10000000000177
83.15000000000178
83.2000000000018
83.2500000000018
83.30000000000182
83.35000000000183
83.40000000000184
83.45000000000185
83.50000000000186
83.55000000000187
83.60000000000188
83.6500000000019
83.7000000000019
83.75000000000192
83.80000000000193
83.85000000000194
83.90000000000195
83.95000000000196
84.00000000000198
84.05000000000199
84.100000000002
84.15000000000201
84.20000000000202
84.25000000000203
84.30000000000204
84.35000000000205
84.40000000000207
84.45000000000208
84.50000000000209
84.5500000000021
84.60000000000211
84.65000000000212
84.70000000000213
84.75000000000215
84.80000000000216
84.85000000000217
84.90000000000218
84.95000000000219
85.0000000000022
85.05000000000221
85.10000000000223
85.15000000000224
85.20000000000225
85.25000000000226
85.30000000000227
85.35000000000228
85.4000000000023
85.4500000000023
85.50000000000232
85.55000000000233
85.60000000000234
85.65000000000235
85.70000000000236
85.75000000000237
85.80000000000238
85.8500000000024
85.90000000000241
85.95000000000242
86.00000000000243
86.05000000000244
86.10000000000245
86.15000000000246
86.20000000000248
86.25000000000249
86.3000000000025
86.35000000000251
86.40000000000252
86.45000000000253
86.50000000000254
86.55000000000256
86.60000000000257
86.65000000000258
86.70000000000259
86.7500000000026
86.80000000000261
86.85000000000262
86.90000000000263
86.95000000000265
87.00000000000266
87.05000000000267
87.10000000000268
87.15000000000269
87.2000000000027
87.25000000000271
87.30000000000273
87.35000000000274
87.40000000000275
87.45000000000276
87.50000000000277
87.55000000000278
87.6000000000028
87.6500000000028
87.70000000000282
87.75000000000283
87.80000000000284
87.85000000000285
87.90000000000286
87.95000000000287
88.00000000000288
88.0500000000029
88.10000000000291
88.15000000000292
88.20000000000293
88.25000000000294
88.30000000000295
88.35000000000296
88.40000000000298
88.45000000000299
88.500000000003
88.55000000000301
88.60000000000302
88.65000000000303
88.70000000000304
88.75000000000306
88.80000000000307
88.85000000000308
88.90000000000309
88.9500000000031
89.00000000000311
89.05000000000312
89.10000000000313
89.15000000000315
89.20000000000316
89.25000000000317
89.30000000000318
89.35000000000319
89.4000000000032
89.45000000000321
89.50000000000323
89.55000000000324
89.60000000000325
89.65000000000326
89.70000000000327
89.75000000000328
89.8000000000033
89.8500000000033
89.90000000000332
89.95000000000333
90.00000000000334
90.05000000000335
90.10000000000336
90.15000000000337
90.20000000000339
90.2500000000034
90.30000000000341
90.35000000000342
90.40000000000343
90.45000000000344
90.50000000000345
90.55000000000346
90.60000000000348
90.65000000000349
90.7000000000035
90.75000000000351
90.80000000000352
90.85000000000353
90.90000000000354
90.95000000000356
91.00000000000357
91.05000000000358
91.10000000000359
91.1500000000036
91.20000000000361
91.25000000000362
91.30000000000364
91.35000000000365
91.40000000000366
91.45000000000367
91.50000000000368
91.55000000000369
91.6000000000037
91.65000000000371
91.70000000000373
91.75000000000374
91.80000000000375
91.85000000000376
91.90000000000377
91.95000000000378
92.0000000000038
92.0500000000038
92.10000000000382
92.15000000000383
92.20000000000384
92.25000000000385
92.30000000000386
92.35000000000387
92.40000000000389
92.4500000000039
92.50000000000391
92.55000000000392
92.60000000000393
92.65000000000394
92.70000000000395
92.75000000000396
92.80000000000398
92.85000000000399
92.900000000004
92.95000000000401
93.00000000000402
93.05000000000403
93.10000000000404
93.15000000000406
93.20000000000407
93.25000000000408
93.30000000000409
93.3500000000041
93.40000000000411
93.45000000000412
93.50000000000414
93.55000000000415
93.60000000000416
93.65000000000417
93.70000000000418
93.75000000000419
93.8000000000042
93.85000000000421
93.90000000000423
93.95000000000424
94.00000000000425
94.05000000000426
94.10000000000427
94.15000000000428
94.2000000000043
94.2500000000043
94.30000000000432
94.35000000000433
94.40000000000434
94.45000000000435
94.50000000000436
94.55000000000437
94.60000000000439
94.6500000000044
94.70000000000441
94.75000000000442
94.80000000000443
94.85000000000444
94.90000000000445
94.95000000000447
95.00000000000448
95.05000000000449
95.1000000000045
95.15000000000451
95.20000000000452
95.25000000000453
95.30000000000454
95.35000000000456
95.40000000000457
95.45000000000458
95.50000000000459
95.5500000000046
95.60000000000461
95.65000000000462
95.70000000000464
95.75000000000465
95.80000000000466
95.85000000000467
95.90000000000468
95.95000000000469
96.0000000000047
96.05000000000472
96.10000000000473
96.15000000000474
96.20000000000475
96.25000000000476
96.30000000000477
96.35000000000478
96.4000000000048
96.4500000000048
96.50000000000482
96.55000000000483
96.60000000000484
96.65000000000485
96.70000000000486
96.75000000000487
96.80000000000489
96.8500000000049
96.90000000000491
96.95000000000492
97.00000000000493
97.05000000000494
97.10000000000495
97.15000000000497
97.20000000000498
97.25000000000499
97.300000000005
97.35000000000501
97.40000000000502
97.45000000000503
97.50000000000504
97.55000000000506
97.60000000000507
97.65000000000508
97.70000000000509
97.7500000000051
97.80000000000511
97.85000000000512
97.90000000000514
97.95000000000515
98.00000000000516
98.05000000000517
98.10000000000518
98.15000000000519
98.2000000000052
98.25000000000522
98.30000000000523
98.35000000000524
98.40000000000525
98.45000000000526
98.50000000000527
98.55000000000528
98.6000000000053
98.6500000000053
98.70000000000532
98.75000000000533
98.80000000000534
98.85000000000535
98.90000000000536
98.95000000000537
99.00000000000539
99.0500000000054
99.10000000000541
99.15000000000542
99.20000000000543
99.25000000000544
99.30000000000545
99.35000000000547
99.40000000000548
99.45000000000549
99.5000000000055
99.55000000000551
99.60000000000552
99.65000000000553
99.70000000000555
99.75000000000556
99.80000000000557
99.85000000000558
99.90000000000559
99.9500000000056
100.00000000000561
100.05000000000562
100.10000000000564
100.15000000000565
100.20000000000566
100.25000000000567
100.30000000000568
100.35000000000569
100.4000000000057
100.45000000000572
100.50000000000573
100.55000000000574
100.60000000000575
100.65000000000576
100.70000000000577
100.75000000000578
100.8000000000058
100.8500000000058
100.90000000000582
100.95000000000583
101.00000000000584
101.05000000000585
101.10000000000586
101.15000000000587
101.20000000000589
101.2500000000059
101.30000000000591
101.35000000000592
101.40000000000593
101.45000000000594
101.50000000000595
101.55000000000597
101.60000000000598
101.65000000000599
101.700000000006
101.75000000000601
101.80000000000602
101.85000000000603
101.90000000000605
101.95000000000606
102.00000000000607
102.05000000000608
102.10000000000609
102.1500000000061
102.20000000000611
102.25000000000612
102.30000000000614
102.35000000000615
102.40000000000616
102.45000000000617
102.50000000000618
102.5500000000062
102.6000000000062
102.65000000000622
102.70000000000623
102.75000000000624
102.80000000000625
102.85000000000626
102.90000000000627
102.95000000000628
103.0000000000063
103.0500000000063
103.10000000000632
103.15000000000633
103.20000000000634
103.25000000000635
103.30000000000636
103.35000000000637
103.40000000000639
103.4500000000064
103.50000000000641
103.55000000000642
103.60000000000643
103.65000000000644
103.70000000000645
103.75000000000647
103.80000000000648
103.85000000000649
103.9000000000065
103.95000000000651
104.00000000000652
104.05000000000653
104.10000000000655
104.15000000000656
104.20000000000657
104.25000000000658
104.30000000000659
104.3500000000066
104.40000000000661
104.45000000000663
104.50000000000664
104.55000000000665
104.60000000000666
104.65000000000667
104.70000000000668
104.7500000000067
104.8000000000067
104.85000000000672
104.90000000000673
104.95000000000674
105.00000000000675
105.05000000000676
105.10000000000677
105.15000000000678
105.2000000000068
105.2500000000068
105.30000000000682
105.35000000000683
105.40000000000684
105.45000000000685
105.50000000000686
105.55000000000688
105.60000000000689
105.6500000000069
105.70000000000691
105.75000000000692
105.80000000000693
105.85000000000694
105.90000000000695
105.95000000000697
106.00000000000698
106.05000000000699
106.100000000007
106.15000000000701
106.20000000000702
106.25000000000703
106.30000000000705
106.35000000000706
106.40000000000707
106.45000000000708
106.50000000000709
106.5500000000071
106.60000000000711
106.65000000000713
106.70000000000714
106.75000000000715
106.80000000000716
106.85000000000717
106.90000000000718
106.9500000000072
107.0000000000072
107.05000000000722
107.10000000000723
107.15000000000724
107.20000000000725
107.25000000000726
107.30000000000727
107.35000000000728
107.4000000000073
107.45000000000731
107.50000000000732
107.55000000000733
107.60000000000734
107.65000000000735
107.70000000000736
107.75000000000738
107.80000000000739
107.8500000000074
107.90000000000741
107.95000000000742
108.00000000000743
108.05000000000744
108.10000000000746
108.15000000000747
108.20000000000748
108.25000000000749
108.3000000000075
108.35000000000751
108.40000000000752
108.45000000000753
108.50000000000755
108.55000000000756
108.60000000000757
108.65000000000758
108.70000000000759
108.7500000000076
108.80000000000761
108.85000000000763
108.90000000000764
108.95000000000765
109.00000000000766
109.05000000000767
109.10000000000768
109.1500000000077
109.2000000000077
109.25000000000772
109.30000000000773
109.35000000000774
109.40000000000775
109.45000000000776
109.50000000000777
109.55000000000778
109.6000000000078
109.65000000000781
109.70000000000782
109.75000000000783
109.80000000000784
109.85000000000785
109.90000000000786
109.95000000000788
110.00000000000789
110.0500000000079
110.10000000000791
110.15000000000792
110.20000000000793
110.25000000000794
110.30000000000796
110.35000000000797
110.40000000000798
110.45000000000799
110.500000000008
110.55000000000801
110.60000000000802
110.65000000000803
110.70000000000805
110.75000000000806
110.80000000000807
110.85000000000808
110.90000000000809
110.9500000000081
111.00000000000811
111.05000000000813
111.10000000000814
111.15000000000815
111.20000000000816
111.25000000000817
111.30000000000818
111.3500000000082
111.4000000000082
111.45000000000822
111.50000000000823
111.55000000000824
111.60000000000825
111.65000000000826
111.70000000000827
111.75000000000828
111.8000000000083
111.85000000000831
111.90000000000832
111.95000000000833
112.00000000000834
112.05000000000835
112.10000000000836
112.15000000000838
112.20000000000839
112.2500000000084
112.30000000000841
112.35000000000842
112.40000000000843
112.45000000000844
112.50000000000846
112.55000000000847
112.60000000000848
112.65000000000849
112.7000000000085
112.75000000000851
112.80000000000852
112.85000000000854
112.90000000000855
112.95000000000856
113.00000000000857
113.05000000000858
113.10000000000859
113.1500000000086
113.20000000000861
113.25000000000863
113.30000000000864
113.35000000000865
113.40000000000866
113.45000000000867
113.50000000000868
113.5500000000087
113.6000000000087
113.65000000000872
113.70000000000873
113.75000000000874
113.80000000000875
113.85000000000876
113.90000000000877
113.95000000000879
114.0000000000088
114.05000000000881
114.10000000000882
114.15000000000883
114.20000000000884
114.25000000000885
114.30000000000886
114.35000000000888
114.40000000000889
114.4500000000089
114.50000000000891
114.55000000000892
114.60000000000893
114.65000000000894
114.70000000000896
114.75000000000897
114.80000000000898
114.85000000000899
114.900000000009
114.95000000000901
115.00000000000902
115.05000000000904
115.10000000000905
115.15000000000906
115.20000000000907
115.25000000000908
115.30000000000909
115.3500000000091
115.40000000000911
115.45000000000913
115.50000000000914
115.55000000000915
115.60000000000916
115.65000000000917
115.70000000000918
115.7500000000092
115.8000000000092
115.85000000000922
115.90000000000923
115.95000000000924
116.00000000000925
116.05000000000926
116.10000000000927
116.15000000000929
116.2000000000093
116.25000000000931
116.30000000000932
116.35000000000933
116.40000000000934
116.45000000000935
116.50000000000936
116.55000000000938
116.60000000000939
116.6500000000094
116.70000000000941
116.75000000000942
116.80000000000943
116.85000000000944
116.90000000000946
116.95000000000947
117.00000000000948
117.05000000000949
117.1000000000095
117.15000000000951
117.20000000000952
117.25000000000954
117.30000000000955
117.35000000000956
117.40000000000957
117.45000000000958
117.50000000000959
117.5500000000096
117.60000000000962
117.65000000000963
117.70000000000964
117.75000000000965
117.80000000000966
117.85000000000967
117.90000000000968
117.9500000000097
118.0000000000097
118.05000000000972
118.10000000000973
118.15000000000974
118.20000000000975
118.25000000000976
118.30000000000977
118.35000000000979
118.4000000000098
118.45000000000981
118.50000000000982
118.55000000000983
118.60000000000984
118.65000000000985
118.70000000000987
118.75000000000988
118.80000000000989
118.8500000000099
118.90000000000991
118.95000000000992
119.00000000000993
119.05000000000994
119.10000000000996
119.15000000000997
119.20000000000998
119.25000000000999
119.30000000001
119.35000000001001
119.40000000001002
119.45000000001004
119.50000000001005
119.55000000001006
119.60000000001007
119.65000000001008
119.70000000001009
119.7500000000101
119.80000000001012
119.85000000001013
119.90000000001014
119.95000000001015
120.00000000001016
120.05000000001017
120.10000000001018
120.1500000000102
120.2000000000102
120.25000000001022
120.30000000001023
120.35000000001024
120.40000000001025
120.45000000001026
120.50000000001027
120.55000000001029
120.6000000000103
120.65000000001031
120.70000000001032
120.75000000001033
120.80000000001034
120.85000000001035
120.90000000001037
120.95000000001038
121.00000000001039
121.0500000000104
121.10000000001041
121.15000000001042
121.20000000001043
121.25000000001044
121.30000000001046
121.35000000001047
121.40000000001048
121.45000000001049
121.5000000000105
121.55000000001051
121.60000000001052
121.65000000001054
121.70000000001055
121.75000000001056
121.80000000001057
121.85000000001058
121.90000000001059
121.9500000000106
122.00000000001062
122.05000000001063
122.10000000001064
122.15000000001065
122.20000000001066
122.25000000001067
122.30000000001068
122.3500000000107
122.4000000000107
122.45000000001072
122.50000000001073
122.55000000001074
122.60000000001075
122.65000000001076
122.70000000001077
122.75000000001079
122.8000000000108
122.85000000001081
122.90000000001082
122.95000000001083
123.00000000001084
123.05000000001085
123.10000000001087
123.15000000001088
123.20000000001089
123.2500000000109
123.30000000001091
123.35000000001092
123.40000000001093
123.45000000001095
123.50000000001096
123.55000000001097
123.60000000001098
123.65000000001099
123.700000000011
123.75000000001101
123.80000000001102
123.85000000001104
123.90000000001105
123.95000000001106
124.00000000001107
124.05000000001108
124.1000000000111
124.1500000000111
124.20000000001112
124.25000000001113
124.30000000001114
124.35000000001115
124.40000000001116
124.45000000001117
124.50000000001118
124.5500000000112
124.6000000000112
124.65000000001122
124.70000000001123
124.75000000001124
124.80000000001125
124.85000000001126
124.90000000001127
124.95000000001129
125.0000000000113
125.05000000001131
125.10000000001132
125.15000000001133
125.20000000001134
125.25000000001135
125.30000000001137
125.35000000001138
125.40000000001139
125.4500000000114
125.50000000001141
125.55000000001142
125.60000000001143
125.65000000001145
125.70000000001146
125.75000000001147
125.80000000001148
125.85000000001149
125.9000000000115
125.95000000001151
126.00000000001153
126.05000000001154
126.10000000001155
126.15000000001156
126.20000000001157
126.25000000001158
126.3000000000116
126.3500000000116
126.40000000001162
126.45000000001163
126.50000000001164
126.55000000001165
126.60000000001166
126.65000000001167
126.70000000001168
126.7500000000117
126.8000000000117
126.85000000001172
126.90000000001173
126.95000000001174
127.00000000001175
127.05000000001176
127.10000000001178
127.15000000001179
127.2000000000118
127.25000000001181
127.30000000001182
127.35000000001183
127.40000000001184
127.45000000001185
127.50000000001187
127.55000000001188
127.60000000001189
127.6500000000119
127.70000000001191
127.75000000001192
127.80000000001193
127.85000000001195
127.90000000001196
127.95000000001197
128.00000000001197
128.05000000001198
128.100000000012
128.150000000012
128.200000000012
128.25000000001202
128.30000000001203
128.35000000001205
128.40000000001206
128.45000000001207
128.50000000001208
128.5500000000121
128.6000000000121
128.6500000000121
128.70000000001212
128.75000000001214
128.80000000001215
128.85000000001216
128.90000000001217
128.95000000001218
129.0000000000122
129.0500000000122
129.10000000001222
129.15000000001223
129.20000000001224
129.25000000001225
129.30000000001226
129.35000000001227
129.40000000001228
129.4500000000123
129.5000000000123
129.55000000001232
129.60000000001233
129.65000000001234
129.70000000001235
129.75000000001236
129.80000000001237
129.8500000000124
129.9000000000124
129.9500000000124
130.00000000001242
130.05000000001243
130.10000000001244
130.15000000001245
130.20000000001247
130.25000000001248
130.3000000000125
130.3500000000125
130.4000000000125
130.45000000001252
130.50000000001253
130.55000000001255
130.60000000001256
130.65000000001257
130.70000000001258
130.7500000000126
130.8000000000126
130.8500000000126
130.90000000001262
130.95000000001264
131.00000000001265
131.05000000001266
131.10000000001267
131.15000000001268
131.2000000000127
131.2500000000127
131.30000000001272
131.35000000001273
131.40000000001274
131.45000000001275
131.50000000001276
131.55000000001277
131.60000000001278
131.6500000000128
131.7000000000128
131.75000000001282
131.80000000001283
131.85000000001284
131.90000000001285
131.95000000001286
132.00000000001288
132.0500000000129
132.1000000000129
132.1500000000129
132.20000000001292
132.25000000001293
132.30000000001294
132.35000000001295
132.40000000001297
132.45000000001298
132.500000000013
132.550000000013
132.600000000013
132.65000000001302
132.70000000001303
132.75000000001305
132.80000000001306
132.85000000001307
132.90000000001308
132.9500000000131
133.0000000000131
133.0500000000131
133.10000000001313
133.15000000001314
133.20000000001315
133.25000000001316
133.30000000001317
133.35000000001318
133.4000000000132
133.4500000000132
133.50000000001322
133.55000000001323
133.60000000001324
133.65000000001325
133.70000000001326
133.75000000001327
133.80000000001328
133.8500000000133
133.9000000000133
133.95000000001332
134.00000000001333
134.05000000001334
134.10000000001335
134.15000000001336
134.20000000001338
134.2500000000134
134.3000000000134
134.3500000000134
134.40000000001342
134.45000000001343
134.50000000001344
134.55000000001345
134.60000000001347
134.65000000001348
134.7000000000135
134.7500000000135
134.8000000000135
134.85000000001352
134.90000000001353
134.95000000001355
135.00000000001356
135.05000000001357
135.10000000001358
135.1500000000136
135.2000000000136
135.2500000000136
135.30000000001363
135.35000000001364
135.40000000001365
135.45000000001366
135.50000000001367
135.55000000001368
135.6000000000137
135.6500000000137
135.70000000001372
135.75000000001373
135.80000000001374
135.85000000001375
135.90000000001376
135.95000000001377
136.00000000001378
136.0500000000138
136.1000000000138
136.15000000001382
136.20000000001383
136.25000000001384
136.30000000001385
136.35000000001386
136.40000000001388
136.4500000000139
136.5000000000139
136.5500000000139
136.60000000001392
136.65000000001393
136.70000000001394
136.75000000001396
136.80000000001397
136.85000000001398
136.900000000014
136.950000000014
137.000000000014
137.05000000001402
137.10000000001403
137.15000000001405
137.20000000001406
137.25000000001407
137.30000000001408
137.3500000000141
137.4000000000141
137.45000000001411
137.50000000001413
137.55000000001414
137.60000000001415
137.65000000001416
137.70000000001417
137.75000000001418
137.8000000000142
137.8500000000142
137.90000000001422
137.95000000001423
138.00000000001424
138.05000000001425
138.10000000001426
138.15000000001427
138.20000000001428
138.2500000000143
138.3000000000143
138.35000000001432
138.40000000001433
138.45000000001434
138.50000000001435
138.55000000001436
138.60000000001438
138.6500000000144
138.7000000000144
138.7500000000144
138.80000000001442
138.85000000001443
138.90000000001444
138.95000000001446
139.00000000001447
139.05000000001448
139.1000000000145
139.1500000000145
139.2000000000145
139.25000000001452
139.30000000001453
139.35000000001455
139.40000000001456
139.45000000001457
139.50000000001458
139.5500000000146
139.6000000000146
139.65000000001461
139.70000000001463
139.75000000001464
139.80000000001465
139.85000000001466
139.90000000001467
139.95000000001468
140.0000000000147
140.0500000000147
140.10000000001472
140.15000000001473
140.20000000001474
140.25000000001475
140.30000000001476
140.35000000001477
140.40000000001478
140.4500000000148
140.5000000000148
140.55000000001482
140.60000000001483
140.65000000001484
140.70000000001485
140.75000000001486
140.80000000001488
140.8500000000149
140.9000000000149
140.9500000000149
141.00000000001492
141.05000000001493
141.10000000001494
141.15000000001496
141.20000000001497
141.25000000001498
141.300000000015
141.350000000015
141.400000000015
141.45000000001502
141.50000000001504
141.55000000001505
141.60000000001506
141.65000000001507
141.70000000001508
141.7500000000151
141.8000000000151
141.85000000001511
141.90000000001513
141.95000000001514
142.00000000001515
142.05000000001516
142.10000000001517
142.15000000001518
142.2000000000152
142.2500000000152
142.30000000001522
142.35000000001523
142.40000000001524
142.45000000001525
142.50000000001526
142.55000000001527
142.60000000001529
142.6500000000153
142.7000000000153
142.75000000001532
142.80000000001533
142.85000000001534
142.90000000001535
142.95000000001536
143.00000000001538
143.0500000000154
143.1000000000154
143.1500000000154
143.20000000001542
143.25000000001543
143.30000000001544
143.35000000001546
143.40000000001547
143.45000000001548
143.5000000000155
143.5500000000155
143.6000000000155
143.65000000001552
143.70000000001554
143.75000000001555
143.80000000001556
143.85000000001557
143.90000000001558
143.9500000000156
144.0000000000156
144.05000000001561
144.10000000001563
144.15000000001564
144.20000000001565
144.25000000001566
144.30000000001567
144.35000000001568
144.4000000000157
144.4500000000157
144.50000000001572
144.55000000001573
144.60000000001574
144.65000000001575
144.70000000001576
144.75000000001577
144.80000000001579
144.8500000000158
144.9000000000158
144.95000000001582
145.00000000001583
145.05000000001584
145.10000000001585
145.15000000001586
145.20000000001588
145.2500000000159
145.3000000000159
145.3500000000159
145.40000000001592
145.45000000001593
145.50000000001594
145.55000000001596
145.60000000001597
145.65000000001598
145.700000000016
145.750000000016
145.800000000016
145.85000000001602
145.90000000001604
145.95000000001605
146.00000000001606
146.05000000001607
146.10000000001608
146.1500000000161
146.2000000000161
146.25000000001612
146.30000000001613
146.35000000001614
146.40000000001615
146.45000000001616
146.50000000001617
146.55000000001618
146.6000000000162
146.6500000000162
146.70000000001622
146.75000000001623
146.80000000001624
146.85000000001625
146.90000000001626
146.95000000001627
147.00000000001629
147.0500000000163
147.1000000000163
147.15000000001632
147.20000000001633
147.25000000001634
147.30000000001635
147.35000000001637
147.40000000001638
147.4500000000164
147.5000000000164
147.5500000000164
147.60000000001642
147.65000000001643
147.70000000001644
147.75000000001646
147.80000000001647
147.85000000001648
147.9000000000165
147.9500000000165
148.0000000000165
148.05000000001652
148.10000000001654
148.15000000001655
148.20000000001656
148.25000000001657
148.30000000001658
148.3500000000166
148.4000000000166
148.45000000001662
148.50000000001663
148.55000000001664
148.60000000001665
148.65000000001666
148.70000000001667
148.75000000001668
148.8000000000167
148.8500000000167
148.90000000001672
148.95000000001673
149.00000000001674
149.05000000001675
149.10000000001676
149.15000000001677
149.2000000000168
149.2500000000168
149.3000000000168
149.35000000001682
149.40000000001683
149.45000000001684
149.50000000001685
149.55000000001687
149.60000000001688
149.6500000000169
149.7000000000169
149.7500000000169
149.80000000001692
149.85000000001693
149.90000000001695
149.95000000001696
150.00000000001697
